{
 "cells": [
  {
   "cell_type": "markdown",
   "source": [
    "# MMF1921 (Summer 2024) - Project 1\n",
    " \n",
    " The purpose of this program is to implement the following factor models\n",
    " \n",
    "     a) Multi-factor OLS regression\n",
    "     b) Fama-French 3-factor model\n",
    "     c) LASSO\n",
    "     d) Best Subset Selection\n",
    " \n",
    " and to use these factor models to estimate the asset expected returns and covariance matrix. \n",
    " \n",
    "These parameters will then be used to test the out-of-sample performance using MVO to construct optimal portfolios.\n",
    " \n",
    " Use can use this template to write your program.\n",
    "\n",
    "     Student Name: Kaiwen Shen\n",
    "     Student ID: 1009970239"
   ],
   "metadata": {
    "collapsed": false
   },
   "id": "5aa1c03ca7ef08ec"
  },
  {
   "metadata": {
    "ExecuteTime": {
     "end_time": "2024-05-05T11:53:59.830441Z",
     "start_time": "2024-05-05T11:53:59.787484Z"
    }
   },
   "cell_type": "code",
   "source": [
    "import numpy as np\n",
    "%load_ext autoreload\n",
    "%autoreload 2"
   ],
   "id": "f019ded51491b7c6",
   "outputs": [],
   "execution_count": 1
  },
  {
   "cell_type": "code",
   "source": [
    "import time\n",
    "import math\n",
    "from scipy.stats import gmean\n",
    "import matplotlib.pyplot as plt\n",
    "from functions.BSS import *\n",
    "from functions.FF import *\n",
    "from functions.LASSO import *\n",
    "from functions.MVO import *\n",
    "from functions.OLS import *\n",
    "import pandas as pd\n",
    "\n",
    "adjClose = pd.read_csv(\"MMF1921_AssetPrices.csv\", index_col=0)\n",
    "factorRet = pd.read_csv(\"MMF1921_FactorReturns.csv\", index_col=0)"
   ],
   "metadata": {
    "collapsed": false,
    "ExecuteTime": {
     "end_time": "2024-05-05T11:54:01.445781Z",
     "start_time": "2024-05-05T11:53:59.830441Z"
    }
   },
   "id": "3dd18748bf738469",
   "outputs": [],
   "execution_count": 2
  },
  {
   "cell_type": "code",
   "source": [
    "adjClose.index = pd.to_datetime(adjClose.index)\n",
    "factorRet.index = pd.to_datetime(factorRet.index)"
   ],
   "metadata": {
    "collapsed": false,
    "ExecuteTime": {
     "end_time": "2024-05-05T11:54:01.508764Z",
     "start_time": "2024-05-05T11:54:01.446938Z"
    }
   },
   "id": "db2ee472b8f6f3a",
   "outputs": [],
   "execution_count": 3
  },
  {
   "cell_type": "code",
   "source": [
    "#rf and factor returns\n",
    "riskFree = factorRet['RF']\n",
    "factorRet = factorRet.loc[:, factorRet.columns != 'RF'];"
   ],
   "metadata": {
    "collapsed": false,
    "ExecuteTime": {
     "end_time": "2024-05-05T11:54:01.556268Z",
     "start_time": "2024-05-05T11:54:01.509745Z"
    }
   },
   "id": "6a1cb2ff06585cca",
   "outputs": [],
   "execution_count": 4
  },
  {
   "cell_type": "code",
   "source": [
    "#Identify the tickers and the dates\n",
    "tickers = adjClose.columns\n",
    "dates = factorRet.index"
   ],
   "metadata": {
    "collapsed": false,
    "ExecuteTime": {
     "end_time": "2024-05-05T11:54:01.604202Z",
     "start_time": "2024-05-05T11:54:01.557282Z"
    }
   },
   "id": "69317af6c697f9d0",
   "outputs": [],
   "execution_count": 5
  },
  {
   "cell_type": "code",
   "source": [
    "# Calculate the stocks monthly excess returns\n",
    "# pct change and drop the first null observation\n",
    "returns = adjClose.pct_change(1).iloc[1:, :]\n",
    "\n",
    "returns = returns - np.diag(riskFree.values) @ np.ones_like(returns.values)\n",
    "# Align the price table to the asset and factor returns tables by discarding the first observation.\n",
    "adjClose = adjClose.iloc[1:, :]"
   ],
   "metadata": {
    "collapsed": false,
    "ExecuteTime": {
     "end_time": "2024-05-05T11:54:01.683753Z",
     "start_time": "2024-05-05T11:54:01.604202Z"
    }
   },
   "id": "5c3009e46f05dbee",
   "outputs": [],
   "execution_count": 6
  },
  {
   "cell_type": "code",
   "source": [
    "assert adjClose.index[0] == returns.index[0]\n",
    "assert adjClose.index[0] == factorRet.index[0]"
   ],
   "metadata": {
    "collapsed": false,
    "ExecuteTime": {
     "end_time": "2024-05-05T11:54:01.730730Z",
     "start_time": "2024-05-05T11:54:01.683753Z"
    }
   },
   "id": "3eb100308abba09b",
   "outputs": [],
   "execution_count": 7
  },
  {
   "cell_type": "markdown",
   "source": [
    "# 2. Define your initial parameters"
   ],
   "metadata": {
    "collapsed": false
   },
   "id": "ef29f7a59dd1ad5d"
  },
  {
   "cell_type": "code",
   "source": [
    "#Initial budget to invest ($100,000)\n",
    "initialVal = 100000\n",
    "\n",
    "#Start of in-sample calibration period\n",
    "calStart = pd.to_datetime('2008-01-01', format='%Y-%m-%d')\n",
    "calEnd = calStart + pd.offsets.DateOffset(years=4) - pd.offsets.DateOffset(days=1)\n",
    "\n",
    "#Start of out-of-sample test period\n",
    "testStart = pd.to_datetime('2012-01-01', format='%Y-%m-%d')\n",
    "testEnd = testStart + pd.offsets.DateOffset(years=1) - pd.offsets.DateOffset(days=1)\n",
    "\n",
    "#Number of investment periods (each investment period is 1 year long)\n",
    "NoPeriods = 5\n",
    "\n",
    "#Factor models\n",
    "#Note: You must populate the functions OLS.py, FF.py, LASSO.py and BSS.py with your own code.\n",
    "FMList = [OLS, FF, LASSO, BSS]\n",
    "NoModels = len(FMList)\n",
    "\n",
    "#Tags for the portfolios under the different factor models\n",
    "tags = ['OLS portfolio', 'FF portfolio', 'LASSO portfolio', 'BSS portfolio']"
   ],
   "metadata": {
    "collapsed": false,
    "ExecuteTime": {
     "end_time": "2024-05-05T11:54:01.794016Z",
     "start_time": "2024-05-05T11:54:01.730730Z"
    }
   },
   "id": "ab32c2350bebbd5",
   "outputs": [],
   "execution_count": 8
  },
  {
   "metadata": {},
   "cell_type": "markdown",
   "source": "# Collecting data for the input of factor combining model",
   "id": "9f036141d968715c"
  },
  {
   "metadata": {
    "ExecuteTime": {
     "end_time": "2024-05-05T11:54:01.857476Z",
     "start_time": "2024-05-05T11:54:01.794016Z"
    }
   },
   "cell_type": "code",
   "source": [
    "train_period_ret = []\n",
    "train_period_factor_ret = []\n",
    "for t in range(NoPeriods):\n",
    "    # Subset the returns and factor returns corresponding to the current calibration period.\n",
    "    periodReturns = returns[(calStart <= returns.index) & (returns.index <= calEnd)]\n",
    "    periodFactRet = factorRet[(calStart <= factorRet.index) & (factorRet.index <= calEnd)]\n",
    "\n",
    "    # Update your calibration and out-of-sample test periods\n",
    "    calStart = calStart + pd.offsets.DateOffset(years=1)\n",
    "    calEnd = calStart + pd.offsets.DateOffset(years=4) - pd.offsets.DateOffset(days=1)\n",
    "    train_period_ret.append(periodReturns)\n",
    "    train_period_factor_ret.append(periodFactRet)"
   ],
   "id": "dba26f419a9ca216",
   "outputs": [],
   "execution_count": 9
  },
  {
   "metadata": {
    "ExecuteTime": {
     "end_time": "2024-05-05T13:15:05.261286Z",
     "start_time": "2024-05-05T13:15:05.202396Z"
    }
   },
   "cell_type": "code",
   "source": "mu,q = OLS(train_period_ret[0], train_period_factor_ret[0], 0, 0)",
   "id": "f6ef6250081ad52b",
   "outputs": [],
   "execution_count": 89
  },
  {
   "metadata": {
    "ExecuteTime": {
     "end_time": "2024-05-05T13:15:07.940093Z",
     "start_time": "2024-05-05T13:15:07.877166Z"
    }
   },
   "cell_type": "code",
   "source": "mu",
   "id": "664d108d198dcd49",
   "outputs": [
    {
     "data": {
      "text/plain": [
       "array([ 3.54419148e-02,  1.15344678e-02,  4.94526190e-03,  1.26875542e-02,\n",
       "        4.94975785e-03, -1.14836519e-03,  5.48639334e-03, -2.73759632e-02,\n",
       "        7.85426041e-03,  5.94378481e-04,  1.94954270e-02,  1.33638951e-02,\n",
       "        3.50413316e-03,  1.71467016e-03, -1.14891405e-03, -3.86893190e-05,\n",
       "        1.03713559e-02, -1.89275404e-03,  3.97532588e-03,  1.05484289e-02])"
      ]
     },
     "execution_count": 90,
     "metadata": {},
     "output_type": "execute_result"
    }
   ],
   "execution_count": 90
  },
  {
   "metadata": {
    "ExecuteTime": {
     "end_time": "2024-05-05T13:15:09.615814Z",
     "start_time": "2024-05-05T13:15:09.552607Z"
    }
   },
   "cell_type": "code",
   "source": "q",
   "id": "20bf758d0119d70f",
   "outputs": [
    {
     "data": {
      "text/plain": [
       "array([[ 0.06253688,  0.01871288,  0.01108002,  0.00235955,  0.00466613,\n",
       "         0.00315028,  0.00279251,  0.0235531 ,  0.01848801,  0.01405158,\n",
       "         0.01039243,  0.00512884,  0.00554077,  0.00403706,  0.0023859 ,\n",
       "         0.0085638 ,  0.00166634,  0.0052649 ,  0.00390217,  0.00285748],\n",
       "       [ 0.01871288,  0.01821425,  0.00847776,  0.00255756,  0.00372855,\n",
       "         0.00353981,  0.00293883,  0.01613333,  0.01000229,  0.00852441,\n",
       "         0.00714534,  0.00413282,  0.00468842,  0.0035787 ,  0.00331545,\n",
       "         0.008019  ,  0.00187856,  0.0042262 ,  0.00395846,  0.00215132],\n",
       "       [ 0.01108002,  0.00847776,  0.00711762,  0.00174114,  0.00217173,\n",
       "         0.00225293,  0.00156833,  0.01203873,  0.00662717,  0.00560314,\n",
       "         0.00500908,  0.00275987,  0.00298328,  0.00238113,  0.00189426,\n",
       "         0.00552871,  0.00129356,  0.00243228,  0.00226734,  0.00128182],\n",
       "       [ 0.00235955,  0.00255756,  0.00174114,  0.00200683,  0.00092574,\n",
       "         0.00093609,  0.00089915,  0.00405077,  0.00166347,  0.00153147,\n",
       "         0.00164236,  0.0008892 ,  0.00115515,  0.0009261 ,  0.0010011 ,\n",
       "         0.00187476,  0.00053722,  0.00077789,  0.00085299,  0.00093058],\n",
       "       [ 0.00466613,  0.00372855,  0.00217173,  0.00092574,  0.00288331,\n",
       "         0.00105805,  0.00099021,  0.0043179 ,  0.00214839,  0.00194388,\n",
       "         0.00231398,  0.00110093,  0.00139209,  0.00104968,  0.00138585,\n",
       "         0.00231641,  0.00063111,  0.00135264,  0.00137941,  0.00120921],\n",
       "       [ 0.00315028,  0.00353981,  0.00225293,  0.00093609,  0.00105805,\n",
       "         0.00270287,  0.00101119,  0.00491153,  0.00225178,  0.00223763,\n",
       "         0.00197174,  0.00113987,  0.0014624 ,  0.00109127,  0.00114222,\n",
       "         0.00237544,  0.00062946,  0.001106  ,  0.00114781,  0.00065439],\n",
       "       [ 0.00279251,  0.00293883,  0.00156833,  0.00089915,  0.00099021,\n",
       "         0.00101119,  0.00231757,  0.00424017,  0.00240044,  0.00238839,\n",
       "         0.00096498,  0.00072328,  0.00146566,  0.00086238,  0.00100614,\n",
       "         0.0012956 ,  0.00045444,  0.00084436,  0.00086314,  0.00052826],\n",
       "       [ 0.0235531 ,  0.01613333,  0.01203873,  0.00405077,  0.0043179 ,\n",
       "         0.00491153,  0.00424017,  0.04765455,  0.0209978 ,  0.01790283,\n",
       "         0.00808521,  0.00546972,  0.00860532,  0.0051341 ,  0.00324642,\n",
       "         0.00993322,  0.00293941,  0.00380421,  0.00337462,  0.00147917],\n",
       "       [ 0.01848801,  0.01000229,  0.00662717,  0.00166347,  0.00214839,\n",
       "         0.00225178,  0.00240044,  0.0209978 ,  0.01906867,  0.01161972,\n",
       "         0.00309122,  0.00238699,  0.00455596,  0.00241017,  0.00087094,\n",
       "         0.00367973,  0.00116579,  0.00201835,  0.00130692, -0.00026972],\n",
       "       [ 0.01405158,  0.00852441,  0.00560314,  0.00153147,  0.00194388,\n",
       "         0.00223763,  0.00238839,  0.01790283,  0.01161972,  0.01276071,\n",
       "         0.00305734,  0.00252171,  0.00432642,  0.00227431,  0.00095687,\n",
       "         0.00380951,  0.00106115,  0.00179347,  0.00129994, -0.00025459],\n",
       "       [ 0.01039243,  0.00714534,  0.00500908,  0.00164236,  0.00231398,\n",
       "         0.00197174,  0.00096498,  0.00808521,  0.00309122,  0.00305734,\n",
       "         0.01195886,  0.00277219,  0.00200488,  0.00225218,  0.00230844,\n",
       "         0.00618179,  0.00123216,  0.00292685,  0.0027724 ,  0.00229672],\n",
       "       [ 0.00512884,  0.00413282,  0.00275987,  0.0008892 ,  0.00110093,\n",
       "         0.00113987,  0.00072328,  0.00546972,  0.00238699,  0.00252171,\n",
       "         0.00277219,  0.00343455,  0.00158835,  0.00128242,  0.00090562,\n",
       "         0.00327681,  0.00064635,  0.00107003,  0.00108285,  0.00098245],\n",
       "       [ 0.00554077,  0.00468842,  0.00298328,  0.00115515,  0.00139209,\n",
       "         0.0014624 ,  0.00146566,  0.00860532,  0.00455596,  0.00432642,\n",
       "         0.00200488,  0.00158835,  0.00441828,  0.00141695,  0.00125867,\n",
       "         0.00275603,  0.00080658,  0.00120115,  0.00121514,  0.00073867],\n",
       "       [ 0.00403706,  0.0035787 ,  0.00238113,  0.0009261 ,  0.00104968,\n",
       "         0.00109127,  0.00086238,  0.0051341 ,  0.00241017,  0.00227431,\n",
       "         0.00225218,  0.00128242,  0.00141695,  0.00217459,  0.00101564,\n",
       "         0.00254812,  0.00061603,  0.00105991,  0.00106621,  0.00080202],\n",
       "       [ 0.0023859 ,  0.00331545,  0.00189426,  0.0010011 ,  0.00138585,\n",
       "         0.00114222,  0.00100614,  0.00324642,  0.00087094,  0.00095687,\n",
       "         0.00230844,  0.00090562,  0.00125867,  0.00101564,  0.0028583 ,\n",
       "         0.00239084,  0.00074597,  0.00151556,  0.00170471,  0.00144237],\n",
       "       [ 0.0085638 ,  0.008019  ,  0.00552871,  0.00187476,  0.00231641,\n",
       "         0.00237544,  0.0012956 ,  0.00993322,  0.00367973,  0.00380951,\n",
       "         0.00618179,  0.00327681,  0.00275603,  0.00254812,  0.00239084,\n",
       "         0.01089529,  0.0014562 ,  0.00261258,  0.0027058 ,  0.00212751],\n",
       "       [ 0.00166634,  0.00187856,  0.00129356,  0.00053722,  0.00063111,\n",
       "         0.00062946,  0.00045444,  0.00293941,  0.00116579,  0.00106115,\n",
       "         0.00123216,  0.00064635,  0.00080658,  0.00061603,  0.00074597,\n",
       "         0.0014562 ,  0.00183489,  0.00065008,  0.00071535,  0.00055949],\n",
       "       [ 0.0052649 ,  0.0042262 ,  0.00243228,  0.00077789,  0.00135264,\n",
       "         0.001106  ,  0.00084436,  0.00380421,  0.00201835,  0.00179347,\n",
       "         0.00292685,  0.00107003,  0.00120115,  0.00105991,  0.00151556,\n",
       "         0.00261258,  0.00065008,  0.00341839,  0.00171022,  0.00098609],\n",
       "       [ 0.00390217,  0.00395846,  0.00226734,  0.00085299,  0.00137941,\n",
       "         0.00114781,  0.00086314,  0.00337462,  0.00130692,  0.00129994,\n",
       "         0.0027724 ,  0.00108285,  0.00121514,  0.00106621,  0.00170471,\n",
       "         0.0027058 ,  0.00071535,  0.00171022,  0.00329875,  0.00120911],\n",
       "       [ 0.00285748,  0.00215132,  0.00128182,  0.00093058,  0.00120921,\n",
       "         0.00065439,  0.00052826,  0.00147917, -0.00026972, -0.00025459,\n",
       "         0.00229672,  0.00098245,  0.00073867,  0.00080202,  0.00144237,\n",
       "         0.00212751,  0.00055949,  0.00098609,  0.00120911,  0.01275825]])"
      ]
     },
     "execution_count": 91,
     "metadata": {},
     "output_type": "execute_result"
    }
   ],
   "execution_count": 91
  },
  {
   "metadata": {
    "ExecuteTime": {
     "end_time": "2024-05-05T12:34:36.677619Z",
     "start_time": "2024-05-05T12:34:36.614236Z"
    }
   },
   "cell_type": "code",
   "source": [
    "coef = np.linalg.inv(train_period_factor_ret[0].T @ train_period_factor_ret[0]) @ train_period_factor_ret[0].T @ \\\n",
    "train_period_ret[0]"
   ],
   "id": "16557734f0a74ce4",
   "outputs": [],
   "execution_count": 47
  },
  {
   "metadata": {
    "ExecuteTime": {
     "end_time": "2024-05-05T12:48:05.777746Z",
     "start_time": "2024-05-05T12:48:05.702879Z"
    }
   },
   "cell_type": "code",
   "source": "np.dot(train_period_factor_ret[0],coef)",
   "id": "31e7c62567651323",
   "outputs": [
    {
     "data": {
      "text/plain": [
       "array([[ 6.13032527e-02, -1.35192662e-02, -6.60132756e-02,\n",
       "        -2.30356825e-02, -2.91346486e-02, -3.43280494e-02,\n",
       "         2.29457187e-02, -6.11695135e-02,  1.18266933e-01,\n",
       "         8.62564231e-02, -2.05811999e-01, -8.62512981e-03,\n",
       "         2.64761450e-02, -3.54958009e-02, -6.95770339e-02,\n",
       "        -1.45026546e-01, -1.64856499e-02, -7.53035902e-02,\n",
       "        -6.86107188e-02, -4.77836885e-02],\n",
       "       [-2.13155988e-01, -5.22409154e-02, -3.44485476e-02,\n",
       "         3.54649655e-03, -2.39183007e-02, -2.53269131e-03,\n",
       "         1.96018956e-03, -8.97554218e-02, -8.06475164e-02,\n",
       "        -5.43461000e-02, -8.23792999e-02, -9.06716505e-04,\n",
       "        -1.02000886e-02, -5.94355895e-03, -2.09175549e-02,\n",
       "        -1.94076920e-02, -7.88890446e-03, -4.53096339e-02,\n",
       "        -3.39567498e-02, -9.56684050e-03],\n",
       "       [-9.98815356e-03,  6.67907946e-04, -1.48229192e-02,\n",
       "         6.75233790e-03,  1.90095888e-03,  4.70164086e-03,\n",
       "         2.56630112e-02, -5.60732243e-02,  1.64048807e-03,\n",
       "         1.30443807e-02, -2.07018083e-03, -1.62361289e-02,\n",
       "        -3.01961959e-03, -3.54774155e-03,  1.06975401e-03,\n",
       "        -3.43583854e-02, -3.02175884e-03,  8.16198975e-03,\n",
       "         4.00421848e-03, -2.31749870e-02],\n",
       "       [ 9.06177734e-02,  1.00377770e-01,  6.56493982e-02,\n",
       "         6.10157962e-02,  4.30450519e-02,  3.57936845e-02,\n",
       "         4.05240301e-02,  9.61735534e-02,  1.96169693e-02,\n",
       "         6.74441679e-03,  6.23042642e-02,  4.88402393e-02,\n",
       "         3.77242262e-02,  4.30960558e-02,  4.14339353e-02,\n",
       "         8.45757052e-02,  2.21905849e-02,  1.38206637e-02,\n",
       "         2.42568851e-02,  8.72965654e-02],\n",
       "       [ 1.00169247e-03,  4.70891405e-02,  4.07303303e-02,\n",
       "        -1.75162955e-03, -5.26441930e-03, -1.84870922e-03,\n",
       "        -4.28143903e-02, -1.14869695e-01, -6.82546735e-02,\n",
       "        -1.05702829e-01,  5.29417089e-02,  1.27297450e-02,\n",
       "        -4.54177938e-02,  5.12819296e-03,  4.02546574e-03,\n",
       "         6.21122633e-02,  7.91580203e-03,  1.55361524e-02,\n",
       "         1.89150123e-02,  1.49668198e-02],\n",
       "       [-2.41823003e-01, -1.32247878e-01, -7.47414084e-02,\n",
       "        -8.57130933e-03, -4.56035570e-02, -3.43747477e-02,\n",
       "        -3.40951283e-02, -3.05670679e-01, -1.42371483e-01,\n",
       "        -1.80031351e-01, -6.08753618e-02, -7.27759623e-02,\n",
       "        -1.01392814e-01, -3.83415334e-02, -3.18769335e-02,\n",
       "        -9.37451184e-02, -1.88251347e-02, -3.41990238e-02,\n",
       "        -3.45423291e-02, -3.10628505e-02],\n",
       "       [ 4.90495256e-02,  1.06164381e-02, -3.41803627e-03,\n",
       "        -1.60264111e-02, -3.65127651e-02, -2.85168026e-03,\n",
       "         2.69586621e-02,  1.31008860e-01,  1.67355392e-01,\n",
       "         1.68915572e-01, -1.11300964e-01,  4.13638162e-03,\n",
       "         3.64957606e-02, -7.75660946e-03, -7.77676015e-02,\n",
       "        -7.10669685e-02, -1.80676303e-02, -5.20696144e-02,\n",
       "        -6.52349820e-02, -1.08821985e-01],\n",
       "       [ 2.22833308e-01,  8.68485060e-02,  3.53325120e-02,\n",
       "         9.22415121e-03,  7.50994825e-03, -1.28652784e-03,\n",
       "         1.15933510e-02, -2.21238078e-02,  9.53931775e-02,\n",
       "         4.32655943e-02,  2.46993585e-02,  1.00762380e-02,\n",
       "        -2.68022345e-03,  3.48693379e-03, -1.69980617e-02,\n",
       "        -1.18435730e-02,  3.21652590e-03,  1.14907820e-02,\n",
       "         2.86446069e-03, -1.14584504e-02],\n",
       "       [-6.82130354e-02, -1.18142694e-01, -7.76415992e-02,\n",
       "        -1.55279768e-02, -4.97645518e-02, -3.39495955e-02,\n",
       "         1.78998677e-02,  2.78969250e-02,  1.48067711e-01,\n",
       "         7.44100229e-02, -1.81578968e-01, -8.90994118e-02,\n",
       "        -1.88688444e-02, -4.44959750e-02, -7.10421559e-02,\n",
       "        -1.96348247e-01, -2.60451158e-02, -6.56102123e-02,\n",
       "        -7.97022387e-02, -1.02633403e-01],\n",
       "       [-2.99484313e-01, -2.99910672e-01, -2.14562828e-01,\n",
       "        -6.97697987e-02, -7.47127365e-02, -8.48021929e-02,\n",
       "        -3.54867138e-02, -4.09267839e-01, -1.45855344e-01,\n",
       "        -1.34050201e-01, -1.82993820e-01, -1.36575283e-01,\n",
       "        -1.05481798e-01, -9.85048510e-02, -6.93154217e-02,\n",
       "        -2.65613786e-01, -4.96055309e-02, -6.57499213e-02,\n",
       "        -7.29785956e-02, -9.10914540e-02],\n",
       "       [-1.86458266e-02, -5.99852693e-02, -1.06241464e-01,\n",
       "        -1.50433994e-02,  1.93529308e-02, -3.75275288e-02,\n",
       "         1.92313758e-03, -4.23249652e-01, -1.53770670e-01,\n",
       "        -1.66707564e-01, -1.99006686e-02, -6.66612399e-02,\n",
       "        -6.13609076e-02, -4.76871347e-02,  4.50821919e-02,\n",
       "        -1.19261403e-01, -1.13296052e-03,  3.46143444e-02,\n",
       "         4.60823632e-02,  4.79127535e-02],\n",
       "       [ 1.25344734e-01,  3.75110326e-02,  2.15127459e-02,\n",
       "         4.93820807e-04, -1.36448623e-02, -3.23933442e-03,\n",
       "        -2.66047201e-04, -1.45924802e-02,  3.50960464e-02,\n",
       "         4.57963755e-02,  1.67577526e-02,  3.82936255e-02,\n",
       "         1.12535321e-03,  7.22047588e-03, -4.87594470e-02,\n",
       "         1.63757282e-02, -9.02196433e-03, -2.27528019e-02,\n",
       "        -3.08923172e-02, -2.23392041e-02],\n",
       "       [-1.23324353e-01, -1.71985781e-01, -1.42576107e-01,\n",
       "        -7.53983741e-02, -4.69656768e-02, -7.62710379e-02,\n",
       "        -8.48692464e-02, -5.31035045e-01, -3.12899074e-01,\n",
       "        -2.14245117e-01, -2.49688136e-02,  2.61836793e-03,\n",
       "        -9.35670996e-02, -6.10455150e-02, -5.66109231e-02,\n",
       "        -5.65986865e-02, -3.54192178e-02, -4.44020855e-02,\n",
       "        -3.49814308e-02,  1.71658684e-02],\n",
       "       [-1.37460789e-01, -2.27495699e-01, -1.52048607e-01,\n",
       "        -5.18953093e-02, -4.97946533e-02, -6.31355663e-02,\n",
       "        -3.84239698e-02, -3.91362849e-01, -1.97678062e-01,\n",
       "        -1.26811489e-01, -1.17688533e-02, -6.83422788e-02,\n",
       "        -9.81962608e-02, -6.27926215e-02, -5.74462422e-02,\n",
       "        -1.38174938e-01, -4.36629882e-02, -2.93391002e-02,\n",
       "        -4.43214610e-02, -4.80339564e-02],\n",
       "       [ 3.19970268e-01,  1.24610876e-01,  1.03726550e-01,\n",
       "         4.78743231e-02,  4.59417362e-02,  4.57473908e-02,\n",
       "         5.78760077e-02,  3.98606945e-01,  2.13236375e-01,\n",
       "         2.14695263e-01,  1.19077617e-01,  5.85095204e-02,\n",
       "         8.78933507e-02,  5.46378179e-02,  1.61709784e-02,\n",
       "         8.80627555e-02,  1.50185575e-02,  3.14727814e-02,\n",
       "         1.44251492e-02,  2.47366107e-02],\n",
       "       [ 9.45931592e-01,  2.46919460e-01,  1.64143616e-01,\n",
       "         8.26328114e-03,  4.13656650e-02, -1.49339925e-02,\n",
       "        -2.47133452e-02,  3.07414345e-01,  3.96051362e-01,\n",
       "         2.20763954e-01,  1.91694737e-01,  7.49909868e-02,\n",
       "         2.99046547e-02,  2.97705842e-02, -4.55612740e-02,\n",
       "         6.80108851e-02,  1.49911790e-02,  4.81630986e-02,\n",
       "         1.04562133e-02,  3.71927729e-02],\n",
       "       [ 3.02518859e-01,  6.23595982e-02,  5.86550609e-02,\n",
       "         3.04290832e-02,  4.66841450e-02,  1.43106148e-02,\n",
       "         1.65523884e-02,  2.25943107e-01,  1.06678104e-01,\n",
       "         8.78226361e-02,  1.21742370e-01,  3.82920009e-02,\n",
       "         4.40170057e-02,  3.11502058e-02,  3.07984729e-02,\n",
       "         6.67118015e-02,  1.38291966e-02,  3.35040919e-02,\n",
       "         2.51835092e-02,  8.01838639e-02],\n",
       "       [-1.11677714e-01, -1.02416817e-02, -1.59633165e-02,\n",
       "        -1.74363214e-02, -1.82035081e-02,  1.00785849e-03,\n",
       "        -8.91056534e-03, -1.44334732e-01, -1.05326923e-01,\n",
       "        -3.61923444e-02,  9.89915576e-03,  1.67138670e-02,\n",
       "        -1.72811073e-02, -3.48176080e-03, -1.79487632e-02,\n",
       "         2.06036244e-02, -9.27805006e-03, -3.78030733e-03,\n",
       "        -3.17687943e-03, -3.67036749e-02],\n",
       "       [ 2.83792915e-01,  2.18481715e-01,  9.78348119e-02,\n",
       "         2.54307208e-02,  5.10988637e-02,  4.24022894e-02,\n",
       "         5.76648353e-02,  2.05087860e-01,  2.01927116e-01,\n",
       "         1.62594298e-01,  2.96460314e-02,  4.34341477e-02,\n",
       "         8.25970568e-02,  3.46094416e-02,  4.18613070e-02,\n",
       "         5.01614043e-02,  2.93748748e-02,  5.43425958e-02,\n",
       "         5.53066583e-02,  1.71365210e-03],\n",
       "       [ 1.34334660e-01,  5.67186443e-02,  5.10646814e-02,\n",
       "        -1.64949677e-02,  1.06066960e-02,  1.10782578e-02,\n",
       "         6.64532087e-04,  3.40420039e-01,  2.13806823e-01,\n",
       "         1.56279813e-01, -2.50599186e-02, -1.03235337e-02,\n",
       "         5.68449507e-02,  6.25610500e-03,  1.33962497e-02,\n",
       "         1.79518082e-03,  1.17941998e-02,  2.20062436e-02,\n",
       "         1.38418097e-02, -3.62735600e-02],\n",
       "       [ 2.38293004e-01,  1.34890013e-01,  6.58594855e-02,\n",
       "         2.14955703e-02,  2.42260907e-02,  1.12804289e-02,\n",
       "         1.12735430e-02,  1.25513742e-02,  8.10119458e-02,\n",
       "         2.94768068e-02,  4.69798555e-02,  3.87934519e-02,\n",
       "         1.41567358e-02,  1.97593295e-02,  5.75514975e-03,\n",
       "         4.38510734e-02,  1.50727396e-02,  2.04982785e-02,\n",
       "         2.08886748e-02,  2.91833467e-02],\n",
       "       [ 2.61397272e-02,  2.16028579e-02, -3.58941977e-02,\n",
       "         5.19177242e-02,  4.12714700e-02,  8.15492716e-03,\n",
       "         6.49024326e-02, -1.45518099e-01, -5.59593288e-02,\n",
       "        -4.49560877e-02, -2.42057034e-02,  1.11740752e-02,\n",
       "         2.21410671e-02,  7.63387875e-03,  3.90940074e-02,\n",
       "        -3.52807729e-02,  9.97881858e-03, -5.73819339e-03,\n",
       "         1.32789655e-02,  9.75076295e-02],\n",
       "       [ 1.78322584e-01,  1.34999713e-01,  5.51490993e-02,\n",
       "         5.88854680e-02,  7.66501838e-02,  4.83884243e-02,\n",
       "         8.15579405e-02,  1.34303350e-01,  7.38706549e-02,\n",
       "         7.99304406e-02,  8.78589424e-02,  2.70219480e-02,\n",
       "         7.14629337e-02,  4.05617015e-02,  8.77453920e-02,\n",
       "         5.14144559e-02,  3.03616383e-02,  6.66877949e-02,\n",
       "         7.30385527e-02,  7.99924054e-02],\n",
       "       [ 5.29765714e-02,  6.46661450e-02,  4.55781149e-02,\n",
       "        -1.74748266e-03, -1.72014474e-02,  4.77564444e-03,\n",
       "        -1.78367612e-02, -8.92754474e-02, -8.55392035e-03,\n",
       "        -2.07023359e-02,  5.13055070e-02,  1.98320746e-02,\n",
       "        -3.35017013e-02,  7.95630481e-03, -3.07615727e-02,\n",
       "         4.13766639e-02, -2.29271466e-03,  6.73747296e-03,\n",
       "        -2.42516342e-03, -4.40530771e-02],\n",
       "       [-3.11975498e-02, -7.23784055e-02, -5.25778261e-02,\n",
       "        -4.31451195e-02, -3.82215027e-02, -3.10001494e-02,\n",
       "        -2.52818888e-02, -4.72910773e-02, -2.97068720e-04,\n",
       "         2.87491170e-02, -8.03587294e-02, -2.34559154e-03,\n",
       "        -6.41244907e-03, -2.77549707e-02, -5.92427853e-02,\n",
       "        -5.76100532e-02, -2.17515513e-02, -4.57237782e-02,\n",
       "        -4.93992223e-02, -5.27828314e-02],\n",
       "       [-1.01824218e-03,  8.50496993e-02,  4.96780856e-02,\n",
       "         1.87061229e-02,  1.70588394e-02,  3.01787835e-02,\n",
       "         2.74743777e-02,  1.11615310e-01,  6.70179921e-02,\n",
       "         5.00172240e-02,  2.80614128e-03,  6.74340107e-03,\n",
       "         3.10089024e-02,  2.01144192e-02,  2.80887329e-02,\n",
       "         3.27200205e-02,  1.54437113e-02,  2.42071747e-02,\n",
       "         2.67439214e-02, -1.24047385e-02],\n",
       "       [ 1.00177047e-01,  1.38411714e-01,  7.25887973e-02,\n",
       "         2.90253945e-02,  4.31177952e-02,  4.48588598e-02,\n",
       "         4.62577341e-02,  1.18127906e-01,  7.45046308e-02,\n",
       "         7.29891490e-02,  7.55450102e-02,  1.80426659e-02,\n",
       "         4.38167438e-02,  3.24469247e-02,  5.70653654e-02,\n",
       "         6.22894066e-02,  2.37565062e-02,  6.40472085e-02,\n",
       "         6.29569690e-02,  3.06024532e-03],\n",
       "       [ 9.99548053e-02,  7.43425778e-02,  4.00891962e-02,\n",
       "         5.35719586e-03, -1.53110666e-03,  1.16386375e-02,\n",
       "         1.42700826e-02, -2.38822897e-03,  8.18356700e-02,\n",
       "         4.38038153e-02,  3.12919597e-02, -1.26141839e-02,\n",
       "        -1.14232352e-02,  4.39195303e-03, -9.01405763e-03,\n",
       "        -8.99153699e-03,  2.50937132e-03,  2.65416336e-02,\n",
       "         1.29584645e-02, -5.76509024e-02],\n",
       "       [-1.39619381e-01, -1.31953426e-01, -9.27720830e-02,\n",
       "        -4.39835338e-02, -5.63917263e-02, -5.29185599e-02,\n",
       "        -4.84050637e-02, -2.54085251e-01, -1.04308839e-01,\n",
       "        -9.76779693e-02, -1.11751296e-01, -2.69807588e-02,\n",
       "        -6.13399430e-02, -4.67442551e-02, -7.14124705e-02,\n",
       "        -9.45153895e-02, -2.86407164e-02, -6.78613684e-02,\n",
       "        -6.51572664e-02, -3.75287509e-02],\n",
       "       [-9.72698362e-02, -1.52831601e-01, -7.54985001e-02,\n",
       "        -4.09488157e-02, -3.42707906e-02, -4.91133565e-02,\n",
       "        -6.91152060e-02, -1.70431627e-01, -1.40458656e-01,\n",
       "        -1.24665229e-01, -1.23510157e-02, -2.27149465e-02,\n",
       "        -6.30151793e-02, -3.54127544e-02, -3.28294272e-02,\n",
       "        -3.45326643e-02, -2.11181030e-02, -3.37928742e-02,\n",
       "        -3.36400974e-02,  1.73422370e-02],\n",
       "       [ 1.54330069e-01,  1.94187980e-01,  7.16201709e-02,\n",
       "         3.64599570e-02,  6.60306175e-02,  4.59007468e-02,\n",
       "         5.63334713e-02,  2.22403048e-02,  3.26892840e-02,\n",
       "         4.01431012e-02,  6.74263762e-02,  4.92110426e-02,\n",
       "         6.07356892e-02,  3.64967727e-02,  8.00622011e-02,\n",
       "         8.14409463e-02,  3.42751895e-02,  6.94636123e-02,\n",
       "         8.41425067e-02,  5.92080574e-02],\n",
       "       [-1.34233173e-01, -1.01141111e-01, -5.81026107e-02,\n",
       "        -5.12069269e-03, -2.04015835e-02, -2.18068520e-02,\n",
       "        -1.28425149e-02, -7.05388730e-02, -7.17189352e-02,\n",
       "        -5.67424317e-02, -7.07863112e-02, -1.05755259e-02,\n",
       "        -1.52565502e-02, -1.65332349e-02, -2.26628791e-02,\n",
       "        -4.20937891e-02, -1.24319749e-02, -4.86999213e-02,\n",
       "        -4.05151426e-02,  2.00262162e-02],\n",
       "       [ 2.61172109e-01,  2.06024235e-01,  9.13524162e-02,\n",
       "         3.28625898e-02,  6.10468820e-02,  4.52538917e-02,\n",
       "         4.30265364e-02, -5.30441667e-02, -5.82641371e-03,\n",
       "         3.37324264e-02,  1.79615798e-01,  6.79810039e-02,\n",
       "         3.10222339e-02,  4.32330821e-02,  5.89881190e-02,\n",
       "         1.21284693e-01,  2.56562344e-02,  8.95176888e-02,\n",
       "         8.78259934e-02,  4.01962312e-02],\n",
       "       [ 1.31404445e-01,  9.91915300e-02,  4.52219314e-02,\n",
       "         2.78628185e-02,  3.83870497e-02,  1.91629564e-02,\n",
       "         1.59437764e-02, -6.88005902e-02, -2.96227963e-02,\n",
       "        -3.67223307e-02,  9.90910489e-02,  2.71271437e-02,\n",
       "         6.62906069e-04,  2.16118045e-02,  4.42759194e-02,\n",
       "         6.26017314e-02,  1.78130664e-02,  4.78992370e-02,\n",
       "         5.17432962e-02,  5.63253757e-02],\n",
       "       [ 6.05494458e-03,  3.63863056e-02,  1.20360151e-02,\n",
       "        -2.39253780e-02, -1.33805864e-02, -1.04166166e-02,\n",
       "        -3.67586337e-02, -1.56861181e-01, -5.44656529e-02,\n",
       "        -6.91143658e-02,  1.84507736e-02,  2.93746042e-03,\n",
       "        -3.93721000e-02, -1.00791255e-02, -9.27552929e-03,\n",
       "         1.88542019e-02,  3.99087881e-04,  1.45857290e-02,\n",
       "         1.50139107e-02, -2.41582899e-02],\n",
       "       [ 9.95574286e-02,  1.23425469e-01,  6.82466067e-02,\n",
       "        -1.03604004e-02,  3.08058030e-02,  3.15872269e-02,\n",
       "         1.14690212e-02,  2.06768695e-01,  1.01229253e-01,\n",
       "         1.08351174e-01,  3.81712927e-02,  2.77144941e-02,\n",
       "         6.15212629e-02,  2.18798683e-02,  4.59354288e-02,\n",
       "         7.18920415e-02,  2.14118369e-02,  5.52970632e-02,\n",
       "         5.65478312e-02, -1.40765158e-02],\n",
       "       [ 1.48620500e-02,  3.35530472e-02,  1.50457017e-02,\n",
       "         1.27730991e-02,  2.87678291e-02,  1.88659195e-02,\n",
       "         2.49791789e-02,  1.09140180e-01,  3.15240666e-02,\n",
       "         3.98481618e-02,  1.30020429e-02,  4.40147956e-03,\n",
       "         3.86764453e-02,  1.29643416e-02,  4.32024023e-02,\n",
       "         2.08503711e-02,  1.31677652e-02,  2.58727656e-02,\n",
       "         3.13542344e-02,  2.88910634e-02],\n",
       "       [-2.33596246e-02,  3.67162262e-02,  4.06189745e-02,\n",
       "        -7.71001122e-03,  4.00428854e-03,  1.48913422e-02,\n",
       "        -1.72730061e-02,  7.12824935e-02, -1.11895377e-03,\n",
       "         5.81773826e-04,  4.87340685e-02,  5.94466331e-03,\n",
       "         1.31664492e-03,  1.13501889e-02,  2.08124696e-02,\n",
       "         5.91225301e-02,  8.68008123e-03,  3.04616178e-02,\n",
       "         2.84281900e-02, -1.38957177e-02],\n",
       "       [ 2.34004430e-02,  3.70896693e-02,  1.52954207e-02,\n",
       "         5.23986246e-03, -2.14986614e-03, -1.35907556e-03,\n",
       "        -1.04892635e-02, -1.38480435e-01, -4.67427956e-02,\n",
       "        -6.39767288e-02,  3.16382962e-02,  5.85710251e-03,\n",
       "        -3.24753169e-02,  9.24213980e-04, -3.51628961e-03,\n",
       "         1.68690668e-02,  2.12209026e-03,  9.17234884e-03,\n",
       "         9.59730421e-03,  2.40533100e-03],\n",
       "       [ 1.18952944e-01,  6.83186496e-02,  3.04887188e-02,\n",
       "         2.85985145e-02,  3.59307639e-02,  1.58718268e-02,\n",
       "         2.07852762e-02, -3.26198040e-02, -1.98900845e-02,\n",
       "        -1.88697095e-02,  8.28907124e-02,  2.37544595e-02,\n",
       "         8.31041746e-03,  1.94820773e-02,  3.80857665e-02,\n",
       "         4.69289753e-02,  1.37349212e-02,  3.53587647e-02,\n",
       "         3.84599323e-02,  5.90148091e-02],\n",
       "       [ 5.66827457e-02, -7.92306901e-03, -1.03684758e-02,\n",
       "         1.80814399e-02,  6.80038071e-03, -5.99100000e-03,\n",
       "         9.40799737e-03, -7.35904833e-02, -2.05637014e-02,\n",
       "        -3.07656586e-02,  1.76554101e-02,  1.62540866e-03,\n",
       "        -1.32530772e-02,  4.40444529e-04, -3.09281205e-03,\n",
       "        -1.37410402e-02, -1.70935176e-03, -6.73716003e-03,\n",
       "        -6.70468879e-03,  3.32524343e-02],\n",
       "       [ 2.07645075e-03, -1.22549962e-02, -3.79471966e-03,\n",
       "         2.37583692e-02, -2.52210249e-03, -1.70616606e-03,\n",
       "         1.25345348e-02, -3.64449895e-02,  3.40300496e-03,\n",
       "        -2.43663794e-02, -9.93656599e-03, -8.51669593e-03,\n",
       "        -1.51093276e-02,  1.81774417e-03, -1.09224922e-02,\n",
       "        -2.26705665e-02, -2.15799638e-03, -1.79088862e-02,\n",
       "        -1.85444751e-02,  1.41624154e-02],\n",
       "       [ 2.29691887e-02, -2.56264805e-02, -1.81042583e-02,\n",
       "         2.44436149e-02,  3.47405501e-03, -5.36636902e-03,\n",
       "         1.82671223e-02, -4.26150561e-02, -2.61582437e-03,\n",
       "        -1.99274256e-02, -1.04944774e-02, -7.19484133e-03,\n",
       "        -8.52166200e-03, -3.92875567e-04, -7.09688425e-03,\n",
       "        -3.27465678e-02, -3.23076738e-03, -1.92323911e-02,\n",
       "        -1.86272002e-02,  3.02367185e-02],\n",
       "       [-4.88504387e-02, -5.38409170e-02, -6.02319050e-02,\n",
       "        -5.93234001e-04, -6.49158202e-03, -3.08123087e-02,\n",
       "        -1.11526840e-02, -1.92273044e-01, -7.10835129e-02,\n",
       "        -1.03278162e-01, -8.62153735e-02, -1.62792518e-02,\n",
       "        -2.75446937e-02, -2.47927616e-02, -7.64656522e-03,\n",
       "        -6.63681740e-02, -3.91768050e-03, -3.72737212e-02,\n",
       "        -2.12862641e-02,  5.01280178e-02],\n",
       "       [-6.21059115e-02, -1.38104864e-01, -7.64867845e-02,\n",
       "        -2.94463425e-02, -2.25789749e-02, -5.06013391e-02,\n",
       "        -5.34539789e-02, -1.24544925e-01, -5.85559453e-02,\n",
       "        -1.14167042e-01, -6.03382770e-02, -5.89124445e-02,\n",
       "        -5.80177034e-02, -4.25517764e-02, -1.24632758e-02,\n",
       "        -8.75431560e-02, -1.22381435e-02, -2.67652505e-02,\n",
       "        -2.39634569e-02,  2.61862751e-02],\n",
       "       [ 2.14383639e-01,  2.24195957e-01,  1.13070821e-01,\n",
       "         4.86373260e-02,  5.38671107e-02,  6.50515256e-02,\n",
       "         7.19580324e-02,  1.36319966e-01,  7.02777355e-02,\n",
       "         1.35939114e-01,  1.19010388e-01,  1.02620338e-01,\n",
       "         8.55671503e-02,  6.32302654e-02,  3.51917579e-02,\n",
       "         1.41641738e-01,  2.45585817e-02,  4.90115426e-02,\n",
       "         5.07319041e-02,  2.35996132e-02],\n",
       "       [-3.67058132e-02,  6.18749491e-02,  8.27331646e-03,\n",
       "         9.17693928e-03,  1.32259301e-02,  4.45835748e-03,\n",
       "         3.44219065e-03, -1.11165852e-01, -3.74887406e-02,\n",
       "        -6.73702778e-02, -3.95400820e-02,  6.60507730e-03,\n",
       "        -1.39099776e-03,  5.25032579e-04,  2.74832599e-02,\n",
       "         7.99965263e-03,  1.45075018e-02,  6.47364942e-03,\n",
       "         2.43862758e-02,  3.34066266e-02],\n",
       "       [ 4.30560585e-02,  6.23394238e-02,  1.26208567e-02,\n",
       "         7.77372014e-03,  2.36858931e-02,  1.21361458e-02,\n",
       "         2.49983968e-02,  1.39779275e-02,  4.83132445e-02,\n",
       "         2.17040112e-02, -1.27940800e-02, -1.18117014e-02,\n",
       "         2.03906549e-02,  1.92345152e-03,  3.66342695e-02,\n",
       "        -1.39460504e-02,  1.37931306e-02,  3.03997122e-02,\n",
       "         3.55901202e-02,  6.12241725e-03]])"
      ]
     },
     "execution_count": 62,
     "metadata": {},
     "output_type": "execute_result"
    }
   ],
   "execution_count": 62
  },
  {
   "metadata": {
    "ExecuteTime": {
     "end_time": "2024-05-05T12:53:51.217137Z",
     "start_time": "2024-05-05T12:53:51.154198Z"
    }
   },
   "cell_type": "code",
   "source": "from functions.helper import r_squared, adjusted_r_squared",
   "id": "7ba36fd11b26bdb7",
   "outputs": [],
   "execution_count": 72
  },
  {
   "metadata": {
    "ExecuteTime": {
     "end_time": "2024-05-05T12:52:57.960866Z",
     "start_time": "2024-05-05T12:52:57.900767Z"
    }
   },
   "cell_type": "code",
   "source": "r_squared(train_period_ret[0], np.dot(train_period_factor_ret[0], coef))",
